time;total tasks;generated tasks;solved tasks; unsolved tasks;agents
1;100;0;0;0;100
2;105;5;0;0;100
3;109;4;0;0;100
4;113;4;0;0;100
5;123;10;0;0;100
6;132;9;0;0;100
7;146;14;0;0;100
8;156;10;0;0;100
9;173;17;0;0;100
10;190;17;0;0;100
